 epsilon =   9.99999993922529029E-009
 iteration:          500
 relative error =   5.49501557818211526E-004
 iteration:         1000
 relative error =   1.70323743169829037E-004
 iteration:         1500
 relative error =   6.12114540364069084E-005
 iteration:         2000
 relative error =   2.25384304266846509E-005
 iteration:         2500
 relative error =   8.35964535153492275E-006
 iteration:         3000
 relative error =   3.10882879600908660E-006
 iteration:         3500
 relative error =   1.15725940385589347E-006
 iteration:         4000
 relative error =   4.30946077248999775E-007
 iteration:         4500
 relative error =   1.60499662089030660E-007
 iteration:         5000
 relative error =   5.97788124169836941E-008
 iteration:         5500
 relative error =   2.22653038927788791E-008
 iteration:         5905
   1   1 0.00034207
   2   1 0.00068280
   3   1 0.00102082
   4   1 0.00135482
   5   1 0.00168348
   6   1 0.00200548
   7   1 0.00231958
   8   1 0.00262452
   9   1 0.00291910
  10   1 0.00320216
  11   1 0.00347259
  12   1 0.00372931
  13   1 0.00397131
  14   1 0.00419764
  15   1 0.00440740
  16   1 0.00459977
  17   1 0.00477398
  18   1 0.00492936
  19   1 0.00506528
  20   1 0.00518121
  21   1 0.00527669
  22   1 0.00535135
  23   1 0.00540489
  24   1 0.00543709
  25   1 0.00544784
  26   1 0.00543709
  27   1 0.00540489
  28   1 0.00535135
  29   1 0.00527669
  30   1 0.00518121
  31   1 0.00506528
  32   1 0.00492936
  33   1 0.00477398
  34   1 0.00459977
  35   1 0.00440740
  36   1 0.00419764
  37   1 0.00397131
  38   1 0.00372931
  39   1 0.00347259
  40   1 0.00320216
  41   1 0.00291910
  42   1 0.00262452
  43   1 0.00231958
  44   1 0.00200548
  45   1 0.00168348
  46   1 0.00135482
  47   1 0.00102082
  48   1 0.00068280
  49   1 0.00034207
   1   2 0.00068550
   2   2 0.00136829
   3   2 0.00204568
   4   2 0.00271499
   5   2 0.00337360
   6   2 0.00401889
   7   2 0.00464831
   8   2 0.00525940
   9   2 0.00584972
  10   2 0.00641696
  11   2 0.00695888
  12   2 0.00747333
  13   2 0.00795829
  14   2 0.00841184
  15   2 0.00883219
  16   2 0.00921769
  17   2 0.00956680
  18   2 0.00987817
  19   2 0.01015054
  20   2 0.01038286
  21   2 0.01057420
  22   2 0.01072381
  23   2 0.01083110
  24   2 0.01089565
  25   2 0.01091719
  26   2 0.01089565
  27   2 0.01083110
  28   2 0.01072381
  29   2 0.01057420
  30   2 0.01038286
  31   2 0.01015054
  32   2 0.00987817
  33   2 0.00956680
  34   2 0.00921769
  35   2 0.00883219
  36   2 0.00841184
  37   2 0.00795829
  38   2 0.00747333
  39   2 0.00695888
  40   2 0.00641696
  41   2 0.00584972
  42   2 0.00525940
  43   2 0.00464831
  44   2 0.00401889
  45   2 0.00337360
  46   2 0.00271499
  47   2 0.00204568
  48   2 0.00136829
  49   2 0.00068550
   1   3 0.00103162
   2   3 0.00205918
   3   3 0.00307860
   4   3 0.00408588
   5   3 0.00507703
   6   3 0.00604815
   7   3 0.00699539
   8   3 0.00791503
   9   3 0.00880343
  10   3 0.00965709
  11   3 0.01047263
  12   3 0.01124685
  13   3 0.01197668
  14   3 0.01265924
  15   3 0.01329184
  16   3 0.01387199
  17   3 0.01439739
  18   3 0.01486597
  19   3 0.01527588
  20   3 0.01562550
  21   3 0.01591345
  22   3 0.01613861
  23   3 0.01630007
  24   3 0.01639720
  25   3 0.01642962
  26   3 0.01639720
  27   3 0.01630007
  28   3 0.01613861
  29   3 0.01591345
  30   3 0.01562550
  31   3 0.01527588
  32   3 0.01486597
  33   3 0.01439739
  34   3 0.01387199
  35   3 0.01329184
  36   3 0.01265924
  37   3 0.01197668
  38   3 0.01124685
  39   3 0.01047263
  40   3 0.00965709
  41   3 0.00880343
  42   3 0.00791503
  43   3 0.00699539
  44   3 0.00604815
  45   3 0.00507703
  46   3 0.00408588
  47   3 0.00307860
  48   3 0.00205918
  49   3 0.00103162
   1   4 0.00138182
   2   4 0.00275820
   3   4 0.00412368
   4   4 0.00547289
   5   4 0.00680051
   6   4 0.00810128
   7   4 0.00937008
   8   4 0.01060190
   9   4 0.01179189
  10   4 0.01293533
  11   4 0.01402772
  12   4 0.01506476
  13   4 0.01604234
  14   4 0.01695661
  15   4 0.01780395
  16   4 0.01858104
  17   4 0.01928479
  18   4 0.01991244
  19   4 0.02046150
  20   4 0.02092980
  21   4 0.02131551
  22   4 0.02161710
  23   4 0.02183337
  24   4 0.02196347
  25   4 0.02200690
  26   4 0.02196347
  27   4 0.02183337
  28   4 0.02161710
  29   4 0.02131551
  30   4 0.02092980
  31   4 0.02046150
  32   4 0.01991244
  33   4 0.01928479
  34   4 0.01858104
  35   4 0.01780395
  36   4 0.01695661
  37   4 0.01604234
  38   4 0.01506476
  39   4 0.01402772
  40   4 0.01293533
  41   4 0.01179189
  42   4 0.01060190
  43   4 0.00937008
  44   4 0.00810128
  45   4 0.00680051
  46   4 0.00547289
  47   4 0.00412368
  48   4 0.00275820
  49   4 0.00138182
   1   5 0.00173748
   2   5 0.00346810
   3   5 0.00518503
   4   5 0.00688151
   5   5 0.00855082
   6   5 0.01018639
   7   5 0.01178175
   8   5 0.01333062
   9   5 0.01482688
  10   5 0.01626462
  11   5 0.01763818
  12   5 0.01894212
  13   5 0.02017131
  14   5 0.02132090
  15   5 0.02238633
  16   5 0.02336342
  17   5 0.02424831
  18   5 0.02503750
  19   5 0.02572787
  20   5 0.02631671
  21   5 0.02680169
  22   5 0.02718090
  23   5 0.02745284
  24   5 0.02761643
  25   5 0.02767103
  26   5 0.02761643
  27   5 0.02745284
  28   5 0.02718090
  29   5 0.02680169
  30   5 0.02631671
  31   5 0.02572787
  32   5 0.02503750
  33   5 0.02424831
  34   5 0.02336342
  35   5 0.02238633
  36   5 0.02132090
  37   5 0.02017131
  38   5 0.01894212
  39   5 0.01763818
  40   5 0.01626462
  41   5 0.01482688
  42   5 0.01333062
  43   5 0.01178175
  44   5 0.01018639
  45   5 0.00855082
  46   5 0.00688151
  47   5 0.00518503
  48   5 0.00346810
  49   5 0.00173748
   1   6 0.00209999
   2   6 0.00419169
   3   6 0.00626685
   4   6 0.00831728
   5   6 0.01033488
   6   6 0.01231170
   7   6 0.01423992
   8   6 0.01611195
   9   6 0.01792039
  10   6 0.01965811
  11   6 0.02131825
  12   6 0.02289425
  13   6 0.02437990
  14   6 0.02576933
  15   6 0.02705707
  16   6 0.02823802
  17   6 0.02930753
  18   6 0.03026138
  19   6 0.03109579
  20   6 0.03180749
  21   6 0.03239366
  22   6 0.03285198
  23   6 0.03318066
  24   6 0.03337838
  25   6 0.03344438
  26   6 0.03337838
  27   6 0.03318066
  28   6 0.03285198
  29   6 0.03239366
  30   6 0.03180749
  31   6 0.03109579
  32   6 0.03026138
  33   6 0.02930753
  34   6 0.02823802
  35   6 0.02705707
  36   6 0.02576933
  37   6 0.02437990
  38   6 0.02289425
  39   6 0.02131825
  40   6 0.01965811
  41   6 0.01792039
  42   6 0.01611195
  43   6 0.01423992
  44   6 0.01231170
  45   6 0.01033488
  46   6 0.00831728
  47   6 0.00626685
  48   6 0.00419169
  49   6 0.00209999
   1   7 0.00247079
   2   7 0.00493183
   3   7 0.00737340
   4   7 0.00978588
   5   7 0.01215973
   6   7 0.01448560
   7   7 0.01675430
   8   7 0.01895687
   9   7 0.02108463
  10   7 0.02312918
  11   7 0.02508245
  12   7 0.02693674
  13   7 0.02868471
  14   7 0.03031948
  15   7 0.03183459
  16   7 0.03322407
  17   7 0.03448242
  18   7 0.03560469
  19   7 0.03658644
  20   7 0.03742381
  21   7 0.03811348
  22   7 0.03865273
  23   7 0.03903943
  24   7 0.03927207
  25   7 0.03934972
  26   7 0.03927207
  27   7 0.03903943
  28   7 0.03865273
  29   7 0.03811348
  30   7 0.03742381
  31   7 0.03658644
  32   7 0.03560469
  33   7 0.03448242
  34   7 0.03322407
  35   7 0.03183459
  36   7 0.03031948
  37   7 0.02868471
  38   7 0.02693674
  39   7 0.02508245
  40   7 0.02312918
  41   7 0.02108463
  42   7 0.01895687
  43   7 0.01675430
  44   7 0.01448560
  45   7 0.01215973
  46   7 0.00978588
  47   7 0.00737340
  48   7 0.00493183
  49   7 0.00247079
   1   8 0.00285134
   2   8 0.00569143
   3   8 0.00850905
   4   8 0.01129310
   5   8 0.01403257
   6   8 0.01671667
   7   8 0.01933479
   8   8 0.02187661
   9   8 0.02433209
  10   8 0.02669154
  11   8 0.02894566
  12   8 0.03108553
  13   8 0.03310273
  14   8 0.03498929
  15   8 0.03673776
  16   8 0.03834124
  17   8 0.03979341
  18   8 0.04108853
  19   8 0.04222149
  20   8 0.04318782
  21   8 0.04398372
  22   8 0.04460602
  23   8 0.04505229
  24   8 0.04532076
  25   8 0.04541037
  26   8 0.04532076
  27   8 0.04505229
  28   8 0.04460602
  29   8 0.04398372
  30   8 0.04318782
  31   8 0.04222149
  32   8 0.04108853
  33   8 0.03979341
  34   8 0.03834124
  35   8 0.03673776
  36   8 0.03498929
  37   8 0.03310273
  38   8 0.03108553
  39   8 0.02894566
  40   8 0.02669154
  41   8 0.02433209
  42   8 0.02187661
  43   8 0.01933479
  44   8 0.01671667
  45   8 0.01403257
  46   8 0.01129310
  47   8 0.00850905
  48   8 0.00569143
  49   8 0.00285134
   1   9 0.00324315
   2   9 0.00647349
   3   9 0.00967829
   4   9 0.01284489
   5   9 0.01596080
   6   9 0.01901372
   7   9 0.02199160
   8   9 0.02488269
   9   9 0.02767558
  10   9 0.03035925
  11   9 0.03292310
  12   9 0.03535702
  13   9 0.03765140
  14   9 0.03979719
  15   9 0.04178592
  16   9 0.04360974
  17   9 0.04526145
  18   9 0.04673453
  19   9 0.04802318
  20   9 0.04912230
  21   9 0.05002755
  22   9 0.05073537
  23   9 0.05124296
  24   9 0.05154832
  25   9 0.05165024
  26   9 0.05154832
  27   9 0.05124296
  28   9 0.05073537
  29   9 0.05002755
  30   9 0.04912230
  31   9 0.04802318
  32   9 0.04673453
  33   9 0.04526145
  34   9 0.04360974
  35   9 0.04178592
  36   9 0.03979719
  37   9 0.03765140
  38   9 0.03535702
  39   9 0.03292310
  40   9 0.03035925
  41   9 0.02767558
  42   9 0.02488269
  43   9 0.02199160
  44   9 0.01901372
  45   9 0.01596080
  46   9 0.01284489
  47   9 0.00967829
  48   9 0.00647349
  49   9 0.00324315
   1  10 0.00364775
   2  10 0.00728110
   3  10 0.01088572
   4  10 0.01444738
   5  10 0.01795202
   6  10 0.02138581
   7  10 0.02473521
   8  10 0.02798698
   9  10 0.03112830
  10  10 0.03414677
  11  10 0.03703048
  12  10 0.03976805
  13  10 0.04234868
  14  10 0.04476217
  15  10 0.04699900
  16  10 0.04905035
  17  10 0.05090813
  18  10 0.05256499
  19  10 0.05401440
  20  10 0.05525064
  21  10 0.05626883
  22  10 0.05706496
  23  10 0.05763587
  24  10 0.05797933
  25  10 0.05809396
  26  10 0.05797933
  27  10 0.05763587
  28  10 0.05706496
  29  10 0.05626883
  30  10 0.05525064
  31  10 0.05401440
  32  10 0.05256499
  33  10 0.05090813
  34  10 0.04905035
  35  10 0.04699900
  36  10 0.04476217
  37  10 0.04234868
  38  10 0.03976805
  39  10 0.03703048
  40  10 0.03414677
  41  10 0.03112830
  42  10 0.02798698
  43  10 0.02473521
  44  10 0.02138581
  45  10 0.01795202
  46  10 0.01444738
  47  10 0.01088572
  48  10 0.00728110
  49  10 0.00364775
   1  11 0.00406675
   2  11 0.00811745
   3  11 0.01213612
   4  11 0.01610689
   5  11 0.02001409
   6  11 0.02384231
   7  11 0.02757643
   8  11 0.03120172
   9  11 0.03470388
  10  11 0.03806907
  11  11 0.04128402
  12  11 0.04433604
  13  11 0.04721309
  14  11 0.04990381
  15  11 0.05239758
  16  11 0.05468456
  17  11 0.05675573
  18  11 0.05860290
  19  11 0.06021880
  20  11 0.06159705
  21  11 0.06273219
  22  11 0.06361977
  23  11 0.06425626
  24  11 0.06463916
  25  11 0.06476697
  26  11 0.06463916
  27  11 0.06425626
  28  11 0.06361977
  29  11 0.06273219
  30  11 0.06159705
  31  11 0.06021880
  32  11 0.05860290
  33  11 0.05675573
  34  11 0.05468456
  35  11 0.05239758
  36  11 0.04990381
  37  11 0.04721309
  38  11 0.04433604
  39  11 0.04128402
  40  11 0.03806907
  41  11 0.03470388
  42  11 0.03120172
  43  11 0.02757643
  44  11 0.02384231
  45  11 0.02001409
  46  11 0.01610689
  47  11 0.01213612
  48  11 0.00811745
  49  11 0.00406675
   1  12 0.00450180
   2  12 0.00898584
   3  12 0.01343441
   4  12 0.01782997
   5  12 0.02215516
   6  12 0.02639291
   7  12 0.03052650
   8  12 0.03453962
   9  12 0.03841642
  10  12 0.04214161
  11  12 0.04570049
  12  12 0.04907901
  13  12 0.05226384
  14  12 0.05524240
  15  12 0.05800295
  16  12 0.06053459
  17  12 0.06282733
  18  12 0.06487211
  19  12 0.06666088
  20  12 0.06818656
  21  12 0.06944314
  22  12 0.07042567
  23  12 0.07113025
  24  12 0.07155412
  25  12 0.07169559
  26  12 0.07155412
  27  12 0.07113025
  28  12 0.07042567
  29  12 0.06944314
  30  12 0.06818656
  31  12 0.06666088
  32  12 0.06487211
  33  12 0.06282733
  34  12 0.06053459
  35  12 0.05800295
  36  12 0.05524240
  37  12 0.05226384
  38  12 0.04907901
  39  12 0.04570049
  40  12 0.04214161
  41  12 0.03841642
  42  12 0.03453962
  43  12 0.03052650
  44  12 0.02639291
  45  12 0.02215516
  46  12 0.01782997
  47  12 0.01343441
  48  12 0.00898584
  49  12 0.00450180
   1  13 0.00495462
   2  13 0.00988969
   3  13 0.01478573
   4  13 0.01962342
   5  13 0.02438366
   6  13 0.02904767
   7  13 0.03359704
   8  13 0.03801383
   9  13 0.04228058
  10  13 0.04638048
  11  13 0.05029733
  12  13 0.05401568
  13  13 0.05752086
  14  13 0.06079903
  15  13 0.06383725
  16  13 0.06662354
  17  13 0.06914689
  18  13 0.07139735
  19  13 0.07336604
  20  13 0.07504519
  21  13 0.07642817
  22  13 0.07750952
  23  13 0.07828498
  24  13 0.07875148
  25  13 0.07890718
  26  13 0.07875148
  27  13 0.07828498
  28  13 0.07750952
  29  13 0.07642817
  30  13 0.07504519
  31  13 0.07336604
  32  13 0.07139735
  33  13 0.06914689
  34  13 0.06662354
  35  13 0.06383725
  36  13 0.06079903
  37  13 0.05752086
  38  13 0.05401568
  39  13 0.05029733
  40  13 0.04638048
  41  13 0.04228058
  42  13 0.03801383
  43  13 0.03359704
  44  13 0.02904767
  45  13 0.02438366
  46  13 0.01962342
  47  13 0.01478573
  48  13 0.00988969
  49  13 0.00495462
   1  14 0.00542700
   2  14 0.01083258
   3  14 0.01619540
   4  14 0.02149432
   5  14 0.02670840
   6  14 0.03181708
   7  14 0.03680019
   8  14 0.04163807
   9  14 0.04631162
  10  14 0.05080240
  11  14 0.05509268
  12  14 0.05916554
  13  14 0.06300490
  14  14 0.06659561
  15  14 0.06992350
  16  14 0.07297543
  17  14 0.07573936
  18  14 0.07820438
  19  14 0.08036077
  20  14 0.08220000
  21  14 0.08371484
  22  14 0.08489928
  23  14 0.08574867
  24  14 0.08625965
  25  14 0.08643020
  26  14 0.08625965
  27  14 0.08574867
  28  14 0.08489928
  29  14 0.08371484
  30  14 0.08220000
  31  14 0.08036077
  32  14 0.07820438
  33  14 0.07573936
  34  14 0.07297543
  35  14 0.06992350
  36  14 0.06659561
  37  14 0.06300490
  38  14 0.05916554
  39  14 0.05509268
  40  14 0.05080240
  41  14 0.04631162
  42  14 0.04163807
  43  14 0.03680019
  44  14 0.03181708
  45  14 0.02670840
  46  14 0.02149432
  47  14 0.01619540
  48  14 0.01083258
  49  14 0.00542700
   1  15 0.00592079
   2  15 0.01181821
   3  15 0.01766900
   4  15 0.02345005
   5  15 0.02913855
   6  15 0.03471206
   7  15 0.04014857
   8  15 0.04542664
   9  15 0.05052543
  10  15 0.05542482
  11  15 0.06010547
  12  15 0.06454891
  13  15 0.06873761
  14  15 0.07265503
  15  15 0.07628572
  16  15 0.07961534
  17  15 0.08263075
  18  15 0.08532006
  19  15 0.08767265
  20  15 0.08967924
  21  15 0.09133190
  22  15 0.09262412
  23  15 0.09355079
  24  15 0.09410826
  25  15 0.09429433
  26  15 0.09410826
  27  15 0.09355079
  28  15 0.09262412
  29  15 0.09133190
  30  15 0.08967924
  31  15 0.08767265
  32  15 0.08532006
  33  15 0.08263075
  34  15 0.07961534
  35  15 0.07628572
  36  15 0.07265503
  37  15 0.06873761
  38  15 0.06454891
  39  15 0.06010547
  40  15 0.05542482
  41  15 0.05052543
  42  15 0.04542664
  43  15 0.04014857
  44  15 0.03471206
  45  15 0.02913855
  46  15 0.02345005
  47  15 0.01766900
  48  15 0.01181821
  49  15 0.00592079
   1  16 0.00643795
   2  16 0.01285049
   3  16 0.01921232
   4  16 0.02549833
   5  16 0.03168370
   6  16 0.03774404
   7  16 0.04365542
   8  16 0.04939450
   9  16 0.05493865
  10  16 0.06026599
  11  16 0.06535548
  12  16 0.07018704
  13  16 0.07474161
  14  16 0.07900120
  15  16 0.08294901
  16  16 0.08656947
  17  16 0.08984827
  18  16 0.09277248
  19  16 0.09533056
  20  16 0.09751241
  21  16 0.09930943
  22  16 0.10071452
  23  16 0.10172214
  24  16 0.10232830
  25  16 0.10253062
  26  16 0.10232830
  27  16 0.10172214
  28  16 0.10071452
  29  16 0.09930943
  30  16 0.09751241
  31  16 0.09533056
  32  16 0.09277248
  33  16 0.08984827
  34  16 0.08656947
  35  16 0.08294901
  36  16 0.07900120
  37  16 0.07474161
  38  16 0.07018704
  39  16 0.06535548
  40  16 0.06026599
  41  16 0.05493865
  42  16 0.04939450
  43  16 0.04365542
  44  16 0.03774404
  45  16 0.03168370
  46  16 0.02549833
  47  16 0.01921232
  48  16 0.01285049
  49  16 0.00643795
   1  17 0.00698052
   2  17 0.01393349
   3  17 0.02083147
   4  17 0.02764724
   5  17 0.03435390
   6  17 0.04092498
   7  17 0.04733455
   8  17 0.05355731
   9  17 0.05956871
  10  17 0.06534501
  11  17 0.07086342
  12  17 0.07610218
  13  17 0.08104059
  14  17 0.08565917
  15  17 0.08993969
  16  17 0.09386526
  17  17 0.09742039
  18  17 0.10059104
  19  17 0.10336471
  20  17 0.10573044
  21  17 0.10767891
  22  17 0.10920241
  23  17 0.11029495
  24  17 0.11095220
  25  17 0.11117157
  26  17 0.11095220
  27  17 0.11029495
  28  17 0.10920241
  29  17 0.10767891
  30  17 0.10573044
  31  17 0.10336471
  32  17 0.10059104
  33  17 0.09742039
  34  17 0.09386526
  35  17 0.08993969
  36  17 0.08565917
  37  17 0.08104059
  38  17 0.07610218
  39  17 0.07086342
  40  17 0.06534501
  41  17 0.05956871
  42  17 0.05355731
  43  17 0.04733455
  44  17 0.04092498
  45  17 0.03435390
  46  17 0.02764724
  47  17 0.02083147
  48  17 0.01393349
  49  17 0.00698052
   1  18 0.00755064
   2  18 0.01507148
   3  18 0.02253284
   4  18 0.02990528
   5  18 0.03715969
   6  18 0.04426745
   7  18 0.05120050
   8  18 0.05793149
   9  18 0.06443386
  10  18 0.07068193
  11  18 0.07665105
  12  18 0.08231766
  13  18 0.08765941
  14  18 0.09265520
  15  18 0.09728533
  16  18 0.10153151
  17  18 0.10537700
  18  18 0.10880661
  19  18 0.11180681
  20  18 0.11436576
  21  18 0.11647336
  22  18 0.11812130
  23  18 0.11930306
  24  18 0.12001399
  25  18 0.12025128
  26  18 0.12001399
  27  18 0.11930306
  28  18 0.11812130
  29  18 0.11647336
  30  18 0.11436576
  31  18 0.11180681
  32  18 0.10880661
  33  18 0.10537700
  34  18 0.10153151
  35  18 0.09728533
  36  18 0.09265520
  37  18 0.08765941
  38  18 0.08231766
  39  18 0.07665105
  40  18 0.07068193
  41  18 0.06443386
  42  18 0.05793149
  43  18 0.05120050
  44  18 0.04426745
  45  18 0.03715969
  46  18 0.02990528
  47  18 0.02253284
  48  18 0.01507148
  49  18 0.00755064
   1  19 0.00815056
   2  19 0.01626895
   3  19 0.02432314
   4  19 0.03228134
   5  19 0.04011213
   6  19 0.04778462
   7  19 0.05526853
   8  19 0.06253432
   9  19 0.06955331
  10  19 0.07629781
  11  19 0.08274119
  12  19 0.08885804
  13  19 0.09462420
  14  19 0.10001692
  15  19 0.10501492
  16  19 0.10959848
  17  19 0.11374950
  18  19 0.11745160
  19  19 0.12069018
  20  19 0.12345245
  21  19 0.12572750
  22  19 0.12750637
  23  19 0.12878203
  24  19 0.12954944
  25  19 0.12980558
  26  19 0.12954944
  27  19 0.12878203
  28  19 0.12750637
  29  19 0.12572750
  30  19 0.12345245
  31  19 0.12069018
  32  19 0.11745160
  33  19 0.11374950
  34  19 0.10959848
  35  19 0.10501492
  36  19 0.10001692
  37  19 0.09462420
  38  19 0.08885804
  39  19 0.08274119
  40  19 0.07629781
  41  19 0.06955331
  42  19 0.06253432
  43  19 0.05526853
  44  19 0.04778462
  45  19 0.04011213
  46  19 0.03228134
  47  19 0.02432314
  48  19 0.01626895
  49  19 0.00815056
   1  20 0.00878265
   2  20 0.01753063
   3  20 0.02620944
   4  20 0.03478480
   5  20 0.04322288
   6  20 0.05149039
   7  20 0.05955468
   8  20 0.06738394
   9  20 0.07494727
  10  20 0.08221481
  11  20 0.08915789
  12  20 0.09574911
  13  20 0.10196244
  14  20 0.10777338
  15  20 0.11315898
  16  20 0.11809800
  17  20 0.12257094
  18  20 0.12656014
  19  20 0.13004988
  20  20 0.13302636
  21  20 0.13547785
  22  20 0.13739467
  23  20 0.13876926
  24  20 0.13959619
  25  20 0.13987219
  26  20 0.13959619
  27  20 0.13876926
  28  20 0.13739467
  29  20 0.13547785
  30  20 0.13302636
  31  20 0.13004988
  32  20 0.12656014
  33  20 0.12257094
  34  20 0.11809800
  35  20 0.11315898
  36  20 0.10777338
  37  20 0.10196244
  38  20 0.09574911
  39  20 0.08915789
  40  20 0.08221481
  41  20 0.07494727
  42  20 0.06738394
  43  20 0.05955468
  44  20 0.05149039
  45  20 0.04322288
  46  20 0.03478480
  47  20 0.02620944
  48  20 0.01753063
  49  20 0.00878265
   1  21 0.00944940
   2  21 0.01886150
   3  21 0.02819917
   4  21 0.03742555
   5  21 0.04650423
   6  21 0.05539937
   7  21 0.06407588
   8  21 0.07249951
   9  21 0.08063702
  10  21 0.08845629
  11  21 0.09592647
  12  21 0.10301807
  13  21 0.10970310
  14  21 0.11595518
  15  21 0.12174964
  16  21 0.12706361
  17  21 0.13187612
  18  21 0.13616818
  19  21 0.13992284
  20  21 0.14312529
  21  21 0.14576289
  22  21 0.14782523
  23  21 0.14930417
  24  21 0.15019388
  25  21 0.15049084
  26  21 0.15019388
  27  21 0.14930417
  28  21 0.14782523
  29  21 0.14576289
  30  21 0.14312529
  31  21 0.13992284
  32  21 0.13616818
  33  21 0.13187612
  34  21 0.12706361
  35  21 0.12174964
  36  21 0.11595518
  37  21 0.10970310
  38  21 0.10301807
  39  21 0.09592647
  40  21 0.08845629
  41  21 0.08063702
  42  21 0.07249951
  43  21 0.06407588
  44  21 0.05539937
  45  21 0.04650423
  46  21 0.03742555
  47  21 0.02819917
  48  21 0.01886150
  49  21 0.00944940
   1  22 0.01015344
   2  22 0.02026681
   3  22 0.03030020
   4  22 0.04021400
   5  22 0.04996910
   6  22 0.05952700
   7  22 0.06884997
   8  22 0.07790122
   9  22 0.08664502
  10  22 0.09504688
  11  22 0.10307364
  12  22 0.11069361
  13  22 0.11787672
  14  22 0.12459462
  15  22 0.13082081
  16  22 0.13653071
  17  22 0.14170178
  18  22 0.14631363
  19  22 0.15034803
  20  22 0.15378909
  21  22 0.15662321
  22  22 0.15883920
  23  22 0.16042834
  24  22 0.16138433
  25  22 0.16170342
  26  22 0.16138433
  27  22 0.16042834
  28  22 0.15883920
  29  22 0.15662321
  30  22 0.15378909
  31  22 0.15034803
  32  22 0.14631363
  33  22 0.14170178
  34  22 0.13653071
  35  22 0.13082081
  36  22 0.12459462
  37  22 0.11787672
  38  22 0.11069361
  39  22 0.10307364
  40  22 0.09504688
  41  22 0.08664502
  42  22 0.07790122
  43  22 0.06884997
  44  22 0.05952700
  45  22 0.04996910
  46  22 0.04021400
  47  22 0.03030020
  48  22 0.02026681
  49  22 0.01015344
   1  23 0.01089756
   2  23 0.02175211
   3  23 0.03252081
   4  23 0.04316117
   5  23 0.05363119
   6  23 0.06388956
   7  23 0.07389578
   8  23 0.08361037
   9  23 0.09299498
  10  23 0.10201259
  11  23 0.11062760
  12  23 0.11880602
  13  23 0.12651556
  14  23 0.13372580
  15  23 0.14040829
  16  23 0.14653665
  17  23 0.15208669
  18  23 0.15703653
  19  23 0.16136660
  20  23 0.16505984
  21  23 0.16810166
  22  23 0.17048007
  23  23 0.17218566
  24  23 0.17321172
  25  23 0.17355419
  26  23 0.17321172
  27  23 0.17218566
  28  23 0.17048007
  29  23 0.16810166
  30  23 0.16505984
  31  23 0.16136660
  32  23 0.15703653
  33  23 0.15208669
  34  23 0.14653665
  35  23 0.14040829
  36  23 0.13372580
  37  23 0.12651556
  38  23 0.11880602
  39  23 0.11062760
  40  23 0.10201259
  41  23 0.09299498
  42  23 0.08361037
  43  23 0.07389578
  44  23 0.06388956
  45  23 0.05363119
  46  23 0.04316117
  47  23 0.03252081
  48  23 0.02175211
  49  23 0.01089756
   1  24 0.01168468
   2  24 0.02332325
   3  24 0.03486977
   4  24 0.04627868
   5  24 0.05750495
   6  24 0.06850427
   7  24 0.07923323
   8  24 0.08964950
   9  24 0.09971197
  10  24 0.10938091
  11  24 0.11861818
  12  24 0.12738732
  13  24 0.13565371
  14  24 0.14338475
  15  24 0.15054991
  16  24 0.15712092
  17  24 0.16307184
  18  24 0.16837920
  19  24 0.17302203
  20  24 0.17698203
  21  24 0.18024356
  22  24 0.18279376
  23  24 0.18462255
  24  24 0.18572272
  25  24 0.18608992
  26  24 0.18572272
  27  24 0.18462255
  28  24 0.18279376
  29  24 0.18024356
  30  24 0.17698203
  31  24 0.17302203
  32  24 0.16837920
  33  24 0.16307184
  34  24 0.15712092
  35  24 0.15054991
  36  24 0.14338475
  37  24 0.13565371
  38  24 0.12738732
  39  24 0.11861818
  40  24 0.10938091
  41  24 0.09971197
  42  24 0.08964950
  43  24 0.07923323
  44  24 0.06850427
  45  24 0.05750495
  46  24 0.04627868
  47  24 0.03486977
  48  24 0.02332325
  49  24 0.01168468
   1  25 0.01251792
   2  25 0.02498644
   3  25 0.03735636
   4  25 0.04957884
   5  25 0.06160565
   6  25 0.07338934
   7  25 0.08488340
   8  25 0.09604245
   9  25 0.10682248
  10  25 0.11718092
  11  25 0.12707690
  12  25 0.13647137
  13  25 0.14532725
  14  25 0.15360959
  15  25 0.16128570
  16  25 0.16832529
  17  25 0.17470058
  18  25 0.18038640
  19  25 0.18536032
  20  25 0.18960271
  21  25 0.19309682
  22  25 0.19582887
  23  25 0.19778807
  24  25 0.19896670
  25  25 0.19936009
  26  25 0.19896670
  27  25 0.19778807
  28  25 0.19582887
  29  25 0.19309682
  30  25 0.18960271
  31  25 0.18536032
  32  25 0.18038640
  33  25 0.17470058
  34  25 0.16832529
  35  25 0.16128570
  36  25 0.15360959
  37  25 0.14532725
  38  25 0.13647137
  39  25 0.12707690
  40  25 0.11718092
  41  25 0.10682248
  42  25 0.09604245
  43  25 0.08488340
  44  25 0.07338934
  45  25 0.06160565
  46  25 0.04957884
  47  25 0.03735636
  48  25 0.02498644
  49  25 0.01251792
   1  26 0.01340057
   2  26 0.02674825
   3  26 0.03999037
   4  26 0.05307466
   5  26 0.06594950
   6  26 0.07856406
   7  26 0.09086856
   8  26 0.10281445
   9  26 0.11435458
  10  26 0.12544340
  11  26 0.13603715
  12  26 0.14609403
  13  26 0.15557434
  14  26 0.16444067
  15  26 0.17265803
  16  26 0.18019398
  17  26 0.18701879
  18  26 0.19310553
  19  26 0.19843016
  20  26 0.20297168
  21  26 0.20671217
  22  26 0.20963686
  23  26 0.21173420
  24  26 0.21299593
  25  26 0.21341706
  26  26 0.21299593
  27  26 0.21173420
  28  26 0.20963686
  29  26 0.20671217
  30  26 0.20297168
  31  26 0.19843016
  32  26 0.19310553
  33  26 0.18701879
  34  26 0.18019398
  35  26 0.17265803
  36  26 0.16444067
  37  26 0.15557434
  38  26 0.14609403
  39  26 0.13603715
  40  26 0.12544340
  41  26 0.11435458
  42  26 0.10281445
  43  26 0.09086856
  44  26 0.07856406
  45  26 0.06594950
  46  26 0.05307466
  47  26 0.03999037
  48  26 0.02674825
  49  26 0.01340057
   1  27 0.01433610
   2  27 0.02861562
   3  27 0.04278221
   4  27 0.05677996
   5  27 0.07055362
   6  27 0.08404884
   7  27 0.09721236
   8  27 0.10999222
   9  27 0.12233800
  10  27 0.13420096
  11  27 0.14553429
  12  27 0.15629327
  13  27 0.16643543
  14  27 0.17592074
  15  27 0.18471177
  16  27 0.19277384
  17  27 0.20007511
  18  27 0.20658677
  19  27 0.21228314
  20  27 0.21714171
  21  27 0.22114333
  22  27 0.22427220
  23  27 0.22651597
  24  27 0.22786578
  25  27 0.22831631
  26  27 0.22786578
  27  27 0.22651597
  28  27 0.22427220
  29  27 0.22114333
  30  27 0.21714171
  31  27 0.21228314
  32  27 0.20658677
  33  27 0.20007511
  34  27 0.19277384
  35  27 0.18471177
  36  27 0.17592074
  37  27 0.16643543
  38  27 0.15629327
  39  27 0.14553429
  40  27 0.13420096
  41  27 0.12233800
  42  27 0.10999222
  43  27 0.09721236
  44  27 0.08404884
  45  27 0.07055362
  46  27 0.05677996
  47  27 0.04278221
  48  27 0.02861562
  49  27 0.01433610
   1  28 0.01532821
   2  28 0.03059593
   3  28 0.04574290
   4  28 0.06070934
   5  28 0.07543619
   6  28 0.08986533
   7  28 0.10393981
   8  28 0.11760409
   9  28 0.13080424
  10  28 0.14348816
  11  28 0.15560580
  12  28 0.16710934
  13  28 0.17795337
  14  28 0.18809511
  15  28 0.19749451
  16  28 0.20611450
  17  28 0.21392105
  18  28 0.22088334
  19  28 0.22697392
  20  28 0.23216872
  21  28 0.23644727
  22  28 0.23979267
  23  28 0.24219171
  24  28 0.24363494
  25  28 0.24411664
  26  28 0.24363494
  27  28 0.24219171
  28  28 0.23979267
  29  28 0.23644727
  30  28 0.23216872
  31  28 0.22697392
  32  28 0.22088334
  33  28 0.21392105
  34  28 0.20611450
  35  28 0.19749451
  36  28 0.18809511
  37  28 0.17795337
  38  28 0.16710934
  39  28 0.15560580
  40  28 0.14348816
  41  28 0.13080424
  42  28 0.11760409
  43  28 0.10393981
  44  28 0.08986533
  45  28 0.07543619
  46  28 0.06070934
  47  28 0.04574290
  48  28 0.03059593
  49  28 0.01532821
   1  29 0.01638082
   2  29 0.03269699
   3  29 0.04888412
   4  29 0.06487832
   5  29 0.08061648
   6  29 0.09603649
   7  29 0.11107748
   8  29 0.12568010
   9  29 0.13978672
  10  29 0.15334166
  11  29 0.16629144
  12  29 0.17858493
  13  29 0.19017364
  14  29 0.20101181
  15  29 0.21105669
  16  29 0.22026862
  17  29 0.22861125
  18  29 0.23605166
  19  29 0.24256048
  20  29 0.24811202
  21  29 0.25268438
  22  29 0.25625951
  23  29 0.25882330
  24  29 0.26036563
  25  29 0.26088042
  26  29 0.26036563
  27  29 0.25882330
  28  29 0.25625951
  29  29 0.25268438
  30  29 0.24811202
  31  29 0.24256048
  32  29 0.23605166
  33  29 0.22861125
  34  29 0.22026862
  35  29 0.21105669
  36  29 0.20101181
  37  29 0.19017364
  38  29 0.17858493
  39  29 0.16629144
  40  29 0.15334166
  41  29 0.13978672
  42  29 0.12568010
  43  29 0.11107748
  44  29 0.09603649
  45  29 0.08061648
  46  29 0.06487832
  47  29 0.04888412
  48  29 0.03269699
  49  29 0.01638082
   1  30 0.01749807
   2  30 0.03492709
   3  30 0.05221826
   4  30 0.06930335
   5  30 0.08611494
   6  30 0.10258666
   7  30 0.11865353
   8  30 0.13425212
   9  30 0.14932088
  10  30 0.16380034
  11  30 0.17763336
  12  30 0.19076533
  13  30 0.20314445
  14  30 0.21472184
  15  30 0.22545183
  16  30 0.23529206
  17  30 0.24420370
  18  30 0.25215158
  19  30 0.25910433
  20  30 0.26503452
  21  30 0.26991873
  22  30 0.27373770
  23  30 0.27647636
  24  30 0.27812388
  25  30 0.27867378
  26  30 0.27812388
  27  30 0.27647636
  28  30 0.27373770
  29  30 0.26991873
  30  30 0.26503452
  31  30 0.25910433
  32  30 0.25215158
  33  30 0.24420370
  34  30 0.23529206
  35  30 0.22545183
  36  30 0.21472184
  37  30 0.20314445
  38  30 0.19076533
  39  30 0.17763336
  40  30 0.16380034
  41  30 0.14932088
  42  30 0.13425212
  43  30 0.11865353
  44  30 0.10258666
  45  30 0.08611494
  46  30 0.06930335
  47  30 0.05221826
  48  30 0.03492709
  49  30 0.01749807
   1  31 0.01868438
   2  31 0.03729503
   3  31 0.05575849
   4  31 0.07400190
   5  31 0.09195325
   6  31 0.10954171
   7  31 0.12669785
   8  31 0.14335398
   9  31 0.15944436
  10  31 0.17490548
  11  31 0.18967633
  12  31 0.20369861
  13  31 0.21691699
  14  31 0.22927929
  15  31 0.24073674
  16  31 0.25124410
  17  31 0.26075992
  18  31 0.26924665
  19  31 0.27667077
  20  31 0.28300301
  21  31 0.28821836
  22  31 0.29229624
  23  31 0.29522057
  24  31 0.29697979
  25  31 0.29756697
  26  31 0.29697979
  27  31 0.29522057
  28  31 0.29229624
  29  31 0.28821836
  30  31 0.28300301
  31  31 0.27667077
  32  31 0.26924665
  33  31 0.26075992
  34  31 0.25124410
  35  31 0.24073674
  36  31 0.22927929
  37  31 0.21691699
  38  31 0.20369861
  39  31 0.18967633
  40  31 0.17490548
  41  31 0.15944436
  42  31 0.14335398
  43  31 0.12669785
  44  31 0.10954171
  45  31 0.09195325
  46  31 0.07400190
  47  31 0.05575849
  48  31 0.03729503
  49  31 0.01868438
   1  32 0.01994444
   2  32 0.03981016
   3  32 0.05951878
   4  32 0.07899250
   5  32 0.09815447
   6  32 0.11692907
   7  32 0.13524221
   8  32 0.15302161
   9  32 0.17019710
  10  32 0.18670090
  11  32 0.20246788
  12  32 0.21743580
  13  32 0.23154561
  14  32 0.24474162
  15  32 0.25697174
  16  32 0.26818771
  17  32 0.27834527
  18  32 0.28740432
  19  32 0.29532913
  20  32 0.30208840
  21  32 0.30765547
  22  32 0.31200836
  23  32 0.31512990
  24  32 0.31700776
  25  32 0.31763454
  26  32 0.31700776
  27  32 0.31512990
  28  32 0.31200836
  29  32 0.30765547
  30  32 0.30208840
  31  32 0.29532913
  32  32 0.28740432
  33  32 0.27834527
  34  32 0.26818771
  35  32 0.25697174
  36  32 0.24474162
  37  32 0.23154561
  38  32 0.21743580
  39  32 0.20246788
  40  32 0.18670090
  41  32 0.17019710
  42  32 0.15302161
  43  32 0.13524221
  44  32 0.11692907
  45  32 0.09815447
  46  32 0.07899250
  47  32 0.05951878
  48  32 0.03981016
  49  32 0.01994444
   1  33 0.02128320
   2  33 0.04248241
   3  33 0.06351396
   4  33 0.08429485
   5  33 0.10474307
   6  33 0.12477791
   7  33 0.14432031
   8  33 0.16329315
   9  33 0.18162154
  10  33 0.19923315
  11  33 0.21605849
  12  33 0.23203113
  13  33 0.24708806
  14  33 0.26116984
  15  33 0.27422091
  16  33 0.28618975
  17  33 0.29702913
  18  33 0.30669627
  19  33 0.31515303
  20  33 0.32236601
  21  33 0.32830677
  22  33 0.33295185
  23  33 0.33628292
  24  33 0.33828683
  25  33 0.33895568
  26  33 0.33828683
  27  33 0.33628292
  28  33 0.33295185
  29  33 0.32830677
  30  33 0.32236601
  31  33 0.31515303
  32  33 0.30669627
  33  33 0.29702913
  34  33 0.28618975
  35  33 0.27422091
  36  33 0.26116984
  37  33 0.24708806
  38  33 0.23203113
  39  33 0.21605849
  40  33 0.19923315
  41  33 0.18162154
  42  33 0.16329315
  43  33 0.14432031
  44  33 0.12477791
  45  33 0.10474307
  46  33 0.08429485
  47  33 0.06351396
  48  33 0.04248241
  49  33 0.02128320
   1  34 0.02270597
   2  34 0.04532232
   3  34 0.06775981
   4  34 0.08992988
   5  34 0.11174504
   6  34 0.13311920
   7  34 0.15396799
   8  34 0.17420914
   9  34 0.19376277
  10  34 0.21255170
  11  34 0.23050179
  12  34 0.24754220
  13  34 0.26360566
  14  34 0.27862880
  15  34 0.29255232
  16  34 0.30532127
  17  34 0.31688525
  18  34 0.32719863
  19  34 0.33622071
  20  34 0.34391588
  21  34 0.35025377
  22  34 0.35520937
  23  34 0.35876311
  24  34 0.36090099
  25  34 0.36161455
  26  34 0.36090099
  27  34 0.35876311
  28  34 0.35520937
  29  34 0.35025377
  30  34 0.34391588
  31  34 0.33622071
  32  34 0.32719863
  33  34 0.31688525
  34  34 0.30532127
  35  34 0.29255232
  36  34 0.27862880
  37  34 0.26360566
  38  34 0.24754220
  39  34 0.23050179
  40  34 0.21255170
  41  34 0.19376277
  42  34 0.17420914
  43  34 0.15396799
  44  34 0.13311920
  45  34 0.11174504
  46  34 0.08992988
  47  34 0.06775981
  48  34 0.04532232
  49  34 0.02270597
   1  35 0.02421834
   2  35 0.04834110
   3  35 0.07227308
   4  35 0.09591983
   5  35 0.11918803
   6  35 0.14198585
   7  35 0.16422331
   8  35 0.18581267
   9  35 0.20666870
  10  35 0.22670911
  11  35 0.24585479
  12  35 0.26403021
  13  35 0.28116361
  14  35 0.29718739
  15  35 0.31203831
  16  35 0.32565776
  17  35 0.33799198
  18  35 0.34899231
  19  35 0.35861532
  20  35 0.36682304
  21  35 0.37358307
  22  35 0.37886875
  23  35 0.38265920
  24  35 0.38493947
  25  35 0.38570057
  26  35 0.38493947
  27  35 0.38265920
  28  35 0.37886875
  29  35 0.37358307
  30  35 0.36682304
  31  35 0.35861532
  32  35 0.34899231
  33  35 0.33799198
  34  35 0.32565776
  35  35 0.31203831
  36  35 0.29718739
  37  35 0.28116361
  38  35 0.26403021
  39  35 0.24585479
  40  35 0.22670911
  41  35 0.20666870
  42  35 0.18581267
  43  35 0.16422331
  44  35 0.14198585
  45  35 0.11918803
  46  35 0.09591983
  47  35 0.07227308
  48  35 0.04834110
  49  35 0.02421834
   1  36 0.02582629
   2  36 0.05155066
   3  36 0.07707158
   4  36 0.10228833
   5  36 0.12710140
   6  36 0.15141286
   7  36 0.17512676
   8  36 0.19814952
   9  36 0.22039027
  10  36 0.24176124
  11  36 0.26217808
  12  36 0.28156024
  13  36 0.29983120
  14  36 0.31691886
  15  36 0.33275579
  16  36 0.34727949
  17  36 0.36043263
  18  36 0.37216331
  19  36 0.38242523
  20  36 0.39117790
  21  36 0.39838676
  22  36 0.40402337
  23  36 0.40806549
  24  36 0.41049716
  25  36 0.41130878
  26  36 0.41049716
  27  36 0.40806549
  28  36 0.40402337
  29  36 0.39838676
  30  36 0.39117790
  31  36 0.38242523
  32  36 0.37216331
  33  36 0.36043263
  34  36 0.34727949
  35  36 0.33275579
  36  36 0.31691886
  37  36 0.29983120
  38  36 0.28156024
  39  36 0.26217808
  40  36 0.24176124
  41  36 0.22039027
  42  36 0.19814952
  43  36 0.17512676
  44  36 0.15141286
  45  36 0.12710140
  46  36 0.10228833
  47  36 0.07707158
  48  36 0.05155066
  49  36 0.02582629
   1  37 0.02753617
   2  37 0.05496367
   3  37 0.08217425
   4  37 0.10906053
   5  37 0.13551639
   6  37 0.16143744
   7  37 0.18672136
   8  37 0.21126838
   9  37 0.23498162
  10  37 0.25776750
  11  37 0.27953608
  12  37 0.30020147
  13  37 0.31968209
  14  37 0.33790108
  15  37 0.35478652
  16  37 0.37027179
  17  37 0.38429576
  18  37 0.39680309
  19  37 0.40774442
  20  37 0.41707657
  21  37 0.42476271
  22  37 0.43077251
  23  37 0.43508224
  24  37 0.43767490
  25  37 0.43854026
  26  37 0.43767490
  27  37 0.43508224
  28  37 0.43077251
  29  37 0.42476271
  30  37 0.41707657
  31  37 0.40774442
  32  37 0.39680309
  33  37 0.38429576
  34  37 0.37027179
  35  37 0.35478652
  36  37 0.33790108
  37  37 0.31968209
  38  37 0.30020147
  39  37 0.27953608
  40  37 0.25776750
  41  37 0.23498162
  42  37 0.21126838
  43  37 0.18672136
  44  37 0.16143744
  45  37 0.13551639
  46  37 0.10906053
  47  37 0.08217425
  48  37 0.05496367
  49  37 0.02753617
   1  38 0.02935472
   2  38 0.05859360
   3  38 0.08760123
   4  38 0.11626314
   5  38 0.14446621
   6  38 0.17209914
   7  38 0.19905287
   8  38 0.22522104
   9  38 0.25050035
  10  38 0.27479106
  11  38 0.29799729
  12  38 0.32002747
  13  38 0.34079464
  14  38 0.36021685
  15  38 0.37821745
  16  38 0.39472540
  17  38 0.40967554
  18  38 0.42300889
  19  38 0.43467281
  20  38 0.44462128
  21  38 0.45281503
  22  38 0.45922172
  23  38 0.46381608
  24  38 0.46657997
  25  38 0.46750248
  26  38 0.46657997
  27  38 0.46381608
  28  38 0.45922172
  29  38 0.45281503
  30  38 0.44462128
  31  38 0.43467281
  32  38 0.42300889
  33  38 0.40967554
  34  38 0.39472540
  35  38 0.37821745
  36  38 0.36021685
  37  38 0.34079464
  38  38 0.32002747
  39  38 0.29799729
  40  38 0.27479106
  41  38 0.25050035
  42  38 0.22522104
  43  38 0.19905287
  44  38 0.17209914
  45  38 0.14446621
  46  38 0.11626314
  47  38 0.08760123
  48  38 0.05859360
  49  38 0.02935472
   1  39 0.03128913
   2  39 0.06245477
   3  39 0.09337393
   4  39 0.12392459
   5  39 0.15398617
   6  39 0.18344004
   7  39 0.21216996
   8  39 0.24006254
   9  39 0.26700770
  10  39 0.29289911
  11  39 0.31763457
  12  39 0.34111648
  13  39 0.36325215
  14  39 0.38395424
  15  39 0.40314103
  16  39 0.42073681
  17  39 0.43667214
  18  39 0.45088412
  19  39 0.46331666
  20  39 0.47392071
  21  39 0.48265441
  22  39 0.48948329
  23  39 0.49438040
  24  39 0.49732642
  25  39 0.49830972
  26  39 0.49732642
  27  39 0.49438040
  28  39 0.48948329
  29  39 0.48265441
  30  39 0.47392071
  31  39 0.46331666
  32  39 0.45088412
  33  39 0.43667214
  34  39 0.42073681
  35  39 0.40314103
  36  39 0.38395424
  37  39 0.36325215
  38  39 0.34111648
  39  39 0.31763457
  40  39 0.29289911
  41  39 0.26700770
  42  39 0.24006254
  43  39 0.21216996
  44  39 0.18344004
  45  39 0.15398617
  46  39 0.12392459
  47  39 0.09337393
  48  39 0.06245477
  49  39 0.03128913
   1  40 0.03334701
   2  40 0.06656242
   3  40 0.09951514
   4  40 0.13207512
   5  40 0.16411385
   6  40 0.19550491
   7  40 0.22612439
   8  40 0.25585147
   9  40 0.28456881
  10  40 0.31216310
  11  40 0.33852542
  12  40 0.36355173
  13  40 0.38714327
  14  40 0.40920693
  15  40 0.42965564
  16  40 0.44840870
  17  40 0.46539209
  18  40 0.48053879
  19  40 0.49378903
  20  40 0.50509050
  21  40 0.51439862
  22  40 0.52167663
  23  40 0.52689583
  24  40 0.53003561
  25  40 0.53108358
  26  40 0.53003561
  27  40 0.52689583
  28  40 0.52167663
  29  40 0.51439862
  30  40 0.50509050
  31  40 0.49378903
  32  40 0.48053879
  33  40 0.46539209
  34  40 0.44840870
  35  40 0.42965564
  36  40 0.40920693
  37  40 0.38714327
  38  40 0.36355173
  39  40 0.33852542
  40  40 0.31216310
  41  40 0.28456881
  42  40 0.25585147
  43  40 0.22612439
  44  40 0.19550491
  45  40 0.16411385
  46  40 0.13207512
  47  40 0.09951514
  48  40 0.06656242
  49  40 0.03334701
   1  41 0.03553651
   2  41 0.07093277
   3  41 0.10604909
   4  41 0.14074689
   5  41 0.17488922
   6  41 0.20834134
   7  41 0.24097124
   8  41 0.27265013
   9  41 0.30325300
  10  41 0.33265906
  11  41 0.36075228
  12  41 0.38742176
  13  41 0.41256228
  14  41 0.43607459
  15  41 0.45786592
  16  41 0.47785026
  17  41 0.49594875
  18  41 0.51208995
  19  41 0.52621017
  20  41 0.53825367
  21  41 0.54817294
  22  41 0.55592881
  23  41 0.56149069
  24  41 0.56483662
  25  41 0.56595340
  26  41 0.56483662
  27  41 0.56149069
  28  41 0.55592881
  29  41 0.54817294
  30  41 0.53825367
  31  41 0.52621017
  32  41 0.51208995
  33  41 0.49594875
  34  41 0.47785026
  35  41 0.45786592
  36  41 0.43607459
  37  41 0.41256228
  38  41 0.38742176
  39  41 0.36075228
  40  41 0.33265906
  41  41 0.30325300
  42  41 0.27265013
  43  41 0.24097124
  44  41 0.20834134
  45  41 0.17488922
  46  41 0.14074689
  47  41 0.10604909
  48  41 0.07093277
  49  41 0.03553651
   1  42 0.03786625
   2  42 0.07558306
   3  42 0.11300157
   4  42 0.14997413
   5  42 0.18635480
   6  42 0.22200001
   7  42 0.25676909
   8  42 0.29052483
   9  42 0.32313399
  10  42 0.35446789
  11  42 0.38440287
  12  42 0.41282078
  13  42 0.43960948
  14  42 0.46466324
  15  42 0.48788319
  16  42 0.50917769
  17  42 0.52846270
  18  42 0.54566210
  19  42 0.56070803
  20  42 0.57354109
  21  42 0.58411065
  22  42 0.59237500
  23  42 0.59830151
  24  42 0.60186680
  25  42 0.60305679
  26  42 0.60186680
  27  42 0.59830151
  28  42 0.59237500
  29  42 0.58411065
  30  42 0.57354109
  31  42 0.56070803
  32  42 0.54566210
  33  42 0.52846270
  34  42 0.50917769
  35  42 0.48788319
  36  42 0.46466324
  37  42 0.43960948
  38  42 0.41282078
  39  42 0.38440287
  40  42 0.35446789
  41  42 0.32313399
  42  42 0.29052483
  43  42 0.25676909
  44  42 0.22200001
  45  42 0.18635480
  46  42 0.14997413
  47  42 0.11300157
  48  42 0.07558306
  49  42 0.03786625
   1  43 0.04034543
   2  43 0.08053164
   3  43 0.12040002
   4  43 0.15979325
   5  43 0.19855584
   6  43 0.23653482
   7  43 0.27358030
   8  43 0.30954609
   9  43 0.34429025
  10  43 0.37767564
  11  43 0.40957053
  12  43 0.43984902
  13  43 0.46839163
  14  43 0.49508572
  15  43 0.51982593
  16  43 0.54251462
  17  43 0.56306225
  18  43 0.58138774
  19  43 0.59741875
  20  43 0.61109203
  21  43 0.62235360
  22  43 0.63115903
  23  43 0.63747356
  24  43 0.64127228
  25  43 0.64254018
  26  43 0.64127228
  27  43 0.63747356
  28  43 0.63115903
  29  43 0.62235360
  30  43 0.61109203
  31  43 0.59741875
  32  43 0.58138774
  33  43 0.56306225
  34  43 0.54251462
  35  43 0.51982593
  36  43 0.49508572
  37  43 0.46839163
  38  43 0.43984902
  39  43 0.40957053
  40  43 0.37767564
  41  43 0.34429025
  42  43 0.30954609
  43  43 0.27358030
  44  43 0.23653482
  45  43 0.19855584
  46  43 0.15979325
  47  43 0.12040002
  48  43 0.08053164
  49  43 0.04034543
   1  44 0.04298384
   2  44 0.08579804
   3  44 0.12827364
   4  44 0.17024300
   5  44 0.21154049
   6  44 0.25200312
   7  44 0.29147121
   8  44 0.32978900
   9  44 0.36680527
  10  44 0.40237392
  11  44 0.43635458
  12  44 0.46861315
  13  44 0.49902232
  14  44 0.52746208
  15  44 0.55382018
  16  44 0.57799261
  17  44 0.59988397
  18  44 0.61940786
  19  44 0.63648723
  20  44 0.65105467
  21  44 0.66305270
  22  44 0.67243396
  23  44 0.67916144
  24  44 0.68320857
  25  44 0.68455939
  26  44 0.68320857
  27  44 0.67916144
  28  44 0.67243396
  29  44 0.66305270
  30  44 0.65105467
  31  44 0.63648723
  32  44 0.61940786
  33  44 0.59988397
  34  44 0.57799261
  35  44 0.55382018
  36  44 0.52746208
  37  44 0.49902232
  38  44 0.46861315
  39  44 0.43635458
  40  44 0.40237392
  41  44 0.36680527
  42  44 0.32978900
  43  44 0.29147121
  44  44 0.25200312
  45  44 0.21154049
  46  44 0.17024300
  47  44 0.12827364
  48  44 0.08579804
  49  44 0.04298384
   1  45 0.04579189
   2  45 0.09140305
   3  45 0.13665349
   4  45 0.18136462
   5  45 0.22535999
   6  45 0.26846597
   7  45 0.31051243
   8  45 0.35133344
   9  45 0.39076790
  10  45 0.42866018
  11  45 0.46486073
  12  45 0.49922669
  13  45 0.53162243
  14  45 0.56192009
  15  45 0.59000012
  16  45 0.61575169
  17  45 0.63907316
  18  45 0.65987250
  19  45 0.67806763
  20  45 0.69358674
  21  45 0.70636858
  22  45 0.71636270
  23  45 0.72352966
  24  45 0.72784119
  25  45 0.72928026
  26  45 0.72784119
  27  45 0.72352966
  28  45 0.71636270
  29  45 0.70636858
  30  45 0.69358674
  31  45 0.67806763
  32  45 0.65987250
  33  45 0.63907316
  34  45 0.61575169
  35  45 0.59000012
  36  45 0.56192009
  37  45 0.53162243
  38  45 0.49922669
  39  45 0.46486073
  40  45 0.42866018
  41  45 0.39076790
  42  45 0.35133344
  43  45 0.31051243
  44  45 0.26846597
  45  45 0.22535999
  46  45 0.18136462
  47  45 0.13665349
  48  45 0.09140305
  49  45 0.04579189
   1  46 0.04878065
   2  46 0.09736879
   3  46 0.14557266
   4  46 0.19320202
   5  46 0.24006889
   6  46 0.28598833
   7  46 0.33077910
   8  46 0.37426444
   9  46 0.41627272
  10  46 0.45663817
  11  46 0.49520148
  12  46 0.53181045
  13  46 0.56632061
  14  46 0.59859576
  15  46 0.62850853
  16  46 0.65594086
  17  46 0.68078449
  18  46 0.70294137
  19  46 0.72232407
  20  46 0.73885608
  21  46 0.75247217
  22  46 0.76311859
  23  46 0.77075334
  24  46 0.77534627
  25  46 0.77687926
  26  46 0.77534627
  27  46 0.77075334
  28  46 0.76311859
  29  46 0.75247217
  30  46 0.73885608
  31  46 0.72232407
  32  46 0.70294137
  33  46 0.68078449
  34  46 0.65594086
  35  46 0.62850853
  36  46 0.59859576
  37  46 0.56632061
  38  46 0.53181045
  39  46 0.49520148
  40  46 0.45663817
  41  46 0.41627272
  42  46 0.37426444
  43  46 0.33077910
  44  46 0.28598833
  45  46 0.24006889
  46  46 0.19320202
  47  46 0.14557266
  48  46 0.09736879
  49  46 0.04878065
   1  47 0.05196193
   2  47 0.10371880
   3  47 0.15506633
   4  47 0.20580189
   5  47 0.25572524
   6  47 0.30463936
   7  47 0.35235121
   8  47 0.39867249
   9  47 0.44342039
  10  47 0.48641831
  11  47 0.52749656
  12  47 0.56649303
  13  47 0.60325380
  14  47 0.63763381
  15  47 0.66949737
  16  47 0.69871873
  17  47 0.72518256
  18  47 0.74878443
  19  47 0.76943119
  20  47 0.78704136
  21  47 0.80154543
  22  47 0.81288618
  23  47 0.82101883
  24  47 0.82591129
  25  47 0.82754426
  26  47 0.82591129
  27  47 0.82101883
  28  47 0.81288618
  29  47 0.80154543
  30  47 0.78704136
  31  47 0.76943119
  32  47 0.74878443
  33  47 0.72518256
  34  47 0.69871873
  35  47 0.66949737
  36  47 0.63763381
  37  47 0.60325380
  38  47 0.56649303
  39  47 0.52749656
  40  47 0.48641831
  41  47 0.44342039
  42  47 0.39867249
  43  47 0.35235121
  44  47 0.30463936
  45  47 0.25572524
  46  47 0.20580189
  47  47 0.15506633
  48  47 0.10371880
  49  47 0.05196193
   1  48 0.05534829
   2  48 0.11047814
   3  48 0.16517198
   4  48 0.21921397
   5  48 0.27239082
   6  48 0.32449266
   7  48 0.37531389
   8  48 0.42465392
   9  48 0.47231803
  10  48 0.51811812
  11  48 0.56187344
  12  48 0.60341130
  13  48 0.64256777
  14  48 0.67918832
  15  48 0.71312842
  16  48 0.74425413
  17  48 0.77244261
  18  48 0.79758261
  19  48 0.81957491
  20  48 0.83833273
  21  48 0.85378204
  22  48 0.86586185
  23  48 0.87452451
  24  48 0.87973581
  25  48 0.88147520
  26  48 0.87973581
  27  48 0.87452451
  28  48 0.86586185
  29  48 0.85378204
  30  48 0.83833273
  31  48 0.81957491
  32  48 0.79758261
  33  48 0.77244261
  34  48 0.74425413
  35  48 0.71312842
  36  48 0.67918832
  37  48 0.64256777
  38  48 0.60341130
  39  48 0.56187344
  40  48 0.51811812
  41  48 0.47231803
  42  48 0.42465392
  43  48 0.37531389
  44  48 0.32449266
  45  48 0.27239082
  46  48 0.21921397
  47  48 0.16517198
  48  48 0.11047814
  49  48 0.05534829
   1  49 0.05895307
   2  49 0.11767348
   3  49 0.17592949
   4  49 0.23349119
   5  49 0.29013140
   6  49 0.34562659
   7  49 0.39975776
   8  49 0.45231126
   9  49 0.50307970
  10  49 0.55186271
  11  49 0.59846777
  12  49 0.64271096
  13  49 0.68441765
  14  49 0.72342327
  15  49 0.75957386
  16  49 0.79272676
  17  49 0.82275113
  18  49 0.84952848
  19  49 0.87295313
  20  49 0.89293263
  21  49 0.90938813
  22  49 0.92225469
  23  49 0.93148154
  24  49 0.93703225
  25  49 0.93888492
  26  49 0.93703225
  27  49 0.93148154
  28  49 0.92225469
  29  49 0.90938813
  30  49 0.89293263
  31  49 0.87295313
  32  49 0.84952848
  33  49 0.82275113
  34  49 0.79272676
  35  49 0.75957386
  36  49 0.72342327
  37  49 0.68441765
  38  49 0.64271096
  39  49 0.59846777
  40  49 0.55186271
  41  49 0.50307970
  42  49 0.45231126
  43  49 0.39975776
  44  49 0.34562659
  45  49 0.29013140
  46  49 0.23349119
  47  49 0.17592949
  48  49 0.11767348
  49  49 0.05895307
 difference from analysis solution:   7.21102776662771875E+052
