 4097.00000
  1  0.538987  0.000207  0.393805  0.933000
 3585.00000
  2  0.271367  0.000739  0.196389  0.468495
 4097.00000
  2  0.271341  0.000765  0.194677  0.466783
 3329.00000
  4  0.136577  0.001227  0.098190  0.235994
 3585.00000
  4  0.136576  0.001225  0.098367  0.236168
 4097.00000
  4  0.136579  0.001223  0.097504  0.235305
 3841.00000
  4  0.136591  0.001210  0.097136  0.234936
 3457.00000
  8  0.069410  0.001232  0.048741  0.119382
 3201.00000
  8  0.069412  0.001231  0.049157  0.119800
 4097.00000
  8  0.069408  0.001219  0.048642  0.119269
 3329.00000
  8  0.069410  0.001231  0.049194  0.119835
 3841.00000
  8  0.069408  0.001233  0.048716  0.119357
 3969.00000
  8  0.069415  0.001226  0.048703  0.119344
 3585.00000
  8  0.069409  0.001232  0.048637  0.119278
 3713.00000
  8  0.069410  0.001226  0.048728  0.119365
 3265.00000
 16  0.035986  0.001232  0.065934  0.103152
 3585.00000
 16  0.035986  0.001233  0.065799  0.103017
 3201.00000
 16  0.035987  0.001232  0.067433  0.104652
 3969.00000
 16  0.035987  0.001232  0.065987  0.103207
 3521.00000
 16  0.035986  0.001234  0.065892  0.103112
 3393.00000
 16  0.035996  0.001224  0.065982  0.103202
 3713.00000
 16  0.036000  0.001221  0.065970  0.103192
 4097.00000
 16  0.035985  0.001233  0.065871  0.103089
 3649.00000
 16  0.035994  0.001225  0.065932  0.103152
 3841.00000
 16  0.035984  0.001234  0.065736  0.102954
 3137.00000
 16  0.035988  0.001233  0.067451  0.104672
 3777.00000
 16  0.035985  0.001232  0.065962  0.103180
 3457.00000
 16  0.035987  0.001232  0.065947  0.103166
 3329.00000
 16  0.035996  0.001225  0.066015  0.103235
 4033.00000
 16  0.035992  0.001227  0.066011  0.103230
 3905.00000
 16  0.035989  0.001230  0.065624  0.102843
